2 0.2 0.2 0.05390625 0.1796875
2 0.25625 0.19765625 0.0546875 0.18828125
0 0.3125 0.19453125 0.05 0.18671875
0 0.40546875 0.1859375 0.04296875 0.18125
0 0.3609375 0.18828125 0.04765625 0.178125
0 0.4546875 0.18515625 0.040625 0.18515625
0 0.5 0.184375 0.04921875 0.1890625
1 0.51171875 0.29140625 0.78515625 0.121875
1 0.5078125 0.9 0.77578125 0.1421875
0 0.25546875 0.58984375 0.059375 0.27890625
0 0.5484375 0.15859375 0.0453125 0.17421875
2 0.5921875 0.15859375 0.04609375 0.18515625
2 0.64140625 0.146875 0.04921875 0.190625
2 0.690625 0.14921875 0.0484375 0.18828125
2 0.74140625 0.14609375 0.05 0.18671875
0 0.31484375 0.57734375 0.053125 0.2734375
0 0.37109375 0.575 0.05546875 0.26796875
0 0.42578125 0.57109375 0.05234375 0.265625
0 0.471875 0.57421875 0.053125 0.28046875
0 0.51875 0.57109375 0.040625 0.26796875
0 0.56328125 0.56328125 0.03984375 0.25859375
0 0.61015625 0.559375 0.04609375 0.2625
0 0.6578125 0.56015625 0.04375 0.2640625
0 0.70234375 0.5609375 0.04453125 0.27890625
0 0.746875 0.5546875 0.04375 0.271875
2 0.7921875 0.5921875 0.04453125 0.1890625