1 0.53671875 0.365625 0.7546875 0.23671875
1 0.5640625 0.94453125 0.6671875 0.1109375
2 0.32265625 0.24609375 0.06171875 0.228125
0 0.37734375 0.23515625 0.04375 0.24296875
0 0.4265625 0.225 0.04765625 0.2109375
0 0.47265625 0.221875 0.0484375 0.215625
0 0.5203125 0.21484375 0.0484375 0.2109375
0 0.56640625 0.20703125 0.05078125 0.2046875
0 0.61328125 0.1984375 0.05078125 0.2109375
2 0.65703125 0.19296875 0.05703125 0.209375
2 0.70390625 0.17578125 0.05 0.203125
0 0.79375 0.16328125 0.05 0.2109375
0 0.75 0.17109375 0.03984375 0.2109375
0 0.82109375 0.53046875 0.0375 0.278125
0 0.8609375 0.52734375 0.0484375 0.25390625
0 0.31875 0.6875 0.0578125 0.30703125
0 0.78984375 0.584375 0.0359375 0.28515625
0 0.3796875 0.66640625 0.05546875 0.30078125
0 0.43125 0.65078125 0.0453125 0.29609375
0 0.4828125 0.64375 0.05390625 0.30078125
0 0.53359375 0.63125 0.0484375 0.29921875
0 0.57421875 0.6296875 0.05078125 0.28125
0 0.61875 0.6140625 0.053125 0.26875
0 0.66171875 0.61015625 0.04921875 0.28828125
0 0.70234375 0.59453125 0.05078125 0.28671875
0 0.746875 0.5859375 0.04609375 0.28203125