0 0.35390625 0.2375 0.05078125 0.23828125
0 0.39921875 0.2375 0.04375 0.2328125
0 0.4453125 0.240625 0.04453125 0.2328125
0 0.48828125 0.240625 0.040625 0.21796875
0 0.53046875 0.23828125 0.03671875 0.21015625
0 0.56953125 0.2390625 0.03984375 0.2
0 0.61640625 0.23515625 0.03671875 0.18828125
0 0.65 0.2328125 0.03203125 0.18984375
0 0.67734375 0.23828125 0.03046875 0.18046875
0 0.70859375 0.23515625 0.03203125 0.18828125
0 0.29609375 0.71796875 0.0671875 0.32734375
0 0.35546875 0.696875 0.05 0.32734375
0 0.409375 0.67734375 0.0484375 0.3203125
0 0.45859375 0.6703125 0.04453125 0.30703125
0 0.5 0.6578125 0.04140625 0.29609375
0 0.5421875 0.65390625 0.04140625 0.27734375
0 0.5765625 0.64375 0.03515625 0.27109375
0 0.61015625 0.64140625 0.03515625 0.2609375
0 0.64375 0.6359375 0.0375 0.2546875
0 0.68046875 0.6265625 0.0328125 0.2515625
0 0.71171875 0.6265625 0.02890625 0.24609375
0 0.7375 0.57890625 0.03203125 0.2234375
1 0.5 0.43515625 0.80078125 0.1703125
1 0.490625 0.93671875 0.7796875 0.12265625