2 0.2484375 0.15546875 0.0453125 0.17265625
0 0.28828125 0.15390625 0.040625 0.178125
0 0.33046875 0.15 0.04140625 0.1734375
0 0.36875 0.15546875 0.04140625 0.18125
0 0.40703125 0.153125 0.0359375 0.1765625
0 0.44375 0.15390625 0.04140625 0.18359375
0 0.4890625 0.1453125 0.04921875 0.175
0 0.73984375 0.11328125 0.04609375 0.2265625
2 0.53515625 0.14453125 0.0453125 0.1796875
2 0.5828125 0.1421875 0.046875 0.18125
2 0.6265625 0.13671875 0.04921875 0.18984375
2 0.6796875 0.13359375 0.0515625 0.18359375
0 0.23828125 0.50703125 0.046875 0.23828125
0 0.28671875 0.5015625 0.0515625 0.2484375
0 0.33359375 0.503125 0.0421875 0.24296875
0 0.37421875 0.50703125 0.04453125 0.25234375
0 0.41953125 0.509375 0.04453125 0.246875
0 0.45703125 0.5078125 0.0421875 0.23984375
0 0.50078125 0.51171875 0.0421875 0.23984375
0 0.54375 0.515625 0.04921875 0.23515625
0 0.58671875 0.51328125 0.046875 0.2484375
0 0.63125 0.51875 0.046875 0.23828125
0 0.67421875 0.525 0.04765625 0.2515625
2 0.721875 0.56171875 0.04921875 0.18984375
0 0.75234375 0.484375 0.0453125 0.22265625
1 0.45859375 0.25859375 0.68828125 0.08359375
1 0.446875 0.83359375 0.671875 0.1625